HORSE|1|4|◎軸似◎強安|1|0.64
HORSE|1|3|○相手▽延安|2|0.63
HORSE|1|1|○相手似◎|5|0.22
HORSE|1|6|△|3|0.19
HORSE|1|8|△危|8|0.03
HORSE|1|2|消|4|-0.1
HORSE|1|5||9|-0.1
HORSE|1|11||10|-0.13
HORSE|1|10|危|12|-0.31
HORSE|1|7|危|7|-0.36
HORSE|1|9|危|11|-0.36
HORSE|1|12|危|6|-0.37
EXPORT|1|1200|4|◎軸似◎強安|3,1,6,8,5
HORSE|2|12|◎軸似◎安|2|1.05
HORSE|2|2|△不調|4|0.43
HORSE|2|7|○相手似◎信|1|0.41
HORSE|2|1|△|3|0.3
HORSE|2|5|△|8|0.15
HORSE|2|4||6|0.04
HORSE|2|6||7|-0.01
HORSE|2|9||9|-0.32
HORSE|2|3||5|-0.46
HORSE|2|8||10|-0.51
HORSE|2|10||12|-0.52
HORSE|2|11||11|-0.54
EXPORT|2|1000|12|◎軸似◎安|2,7,1,5,4
HORSE|3|2|◎軸適連好似◎安|3|1.45
HORSE|3|11|○相手似◎|1|1.22
HORSE|3|6|○相手似◎安|2|0.41
HORSE|3|9|△不調|4|0.38
HORSE|3|5|△種替|5|0.33
HORSE|3|7||6|-0.11
HORSE|3|3||8|-0.34
HORSE|3|10|危|9|-0.38
HORSE|3|12||12|-0.51
HORSE|3|1||7|-0.66
HORSE|3|4||10|-0.73
HORSE|3|8||11|-1.15
EXPORT|3|1200|2|◎軸適連好似◎安|11,6,9,5,7
HORSE|4|6|◎軸⚡単連好安信|2|1.09
HORSE|4|3|○相手適似◎|4|0.62
HORSE|4|9|○相手連好安★|1|0.46
HORSE|4|5|△|3|0.44
HORSE|4|7|△|6|0.05
HORSE|4|2||7|-0.04
HORSE|4|8|危|5|-0.25
HORSE|4|1|危|8|-0.74
HORSE|4|4||9|-0.88
EXPORT|4|1700|6|◎軸⚡単連好安信|3,9,5,7,2
HORSE|5|1|◎軸弱|3|0.44
HORSE|5|5|○相手|1|0.38
HORSE|5|11|○相手|2|0.31
HORSE|5|10|△|5|0.1
HORSE|5|3|△|9|0.03
HORSE|5|6||6|0.03
HORSE|5|12||7|-0.03
HORSE|5|4||8|-0.1
HORSE|5|2||4|-0.23
HORSE|5|8||10|-0.24
HORSE|5|7||11|-0.31
HORSE|5|9||12|-0.38
EXPORT|5|1200|1|◎軸弱|5,11,10,3,6
HORSE|6|12|◎軸▽不調▽相悪格弱安▽後|3|0.75
HORSE|6|4|△相悪|2|0.74
HORSE|6|8|△不調|1|0.69
HORSE|6|15|△不調|5|0.62
HORSE|6|3|△不調|9|0.4
HORSE|6|7||6|0.32
HORSE|6|11||12|0.17
HORSE|6|5|危|4|0.13
HORSE|6|14||8|0.05
HORSE|6|2||11|-0.07
HORSE|6|10||10|-0.08
HORSE|6|9||7|-0.29
HORSE|6|16||15|-0.46
HORSE|6|13||16|-0.59
HORSE|6|1|消|13|-1.28
HORSE|6|6||14|-1.31
EXPORT|6|1800|12|◎軸▽不調▽相悪格弱安▽後|4,8,15,3,7
HORSE|7|1|◎軸似◎強↗|1|1.24
HORSE|7|9|○相手似◎|2|0.18
HORSE|7|11|△不調|4|0.18
HORSE|7|6|△前敗|5|0.13
HORSE|7|7|△不調|9|0.07
HORSE|7|2||3|-0.19
HORSE|7|4||8|-0.23
HORSE|7|5||6|-0.23
HORSE|7|3||10|-0.42
HORSE|7|8||7|-0.7
HORSE|7|10|危|11|-0.72
EXPORT|7|1200|1|◎軸似◎強↗|9,11,6,7,2
HORSE|8|2|◎軸似◎安|1|1.47
HORSE|8|11|○相手安|2|0.91
HORSE|8|10|○相手連好似◎|4|0.33
HORSE|8|9|△|5|0.04
HORSE|8|3|△|3|-0.02
HORSE|8|8||6|-0.06
HORSE|8|7||9|-0.17
HORSE|8|4||8|-0.29
HORSE|8|5||10|-0.41
HORSE|8|1||7|-0.59
HORSE|8|6|危|11|-0.76
EXPORT|8|1700|2|◎軸似◎安|11,10,9,3,8
HORSE|9|7|◎軸安|2|0.89
HORSE|9|1|○相手連好↗安★|1|0.8
HORSE|9|2|△休|3|0.25
HORSE|9|5|△相悪|6|0.22
HORSE|9|8|△不調|9|0.07
HORSE|9|6||7|-0.06
HORSE|9|3||8|-0.24
HORSE|9|9||4|-0.37
HORSE|9|4|危|10|-0.42
HORSE|9|10||5|-0.56
EXPORT|9|2000|7|◎軸安|1,5,8,6,3
HORSE|10|9|◎堅軸・コ足切連好連上信▽後|2|0.46
HORSE|10|3|△不調|4|0.71
HORSE|10|11|○相手★▽連後安信|1|0.23
HORSE|10|4|△危|3|0.21
HORSE|10|5|△不調|8|0.12
HORSE|10|10|危|5|0.12
HORSE|10|6||7|0.07
HORSE|10|8|危|6|0.06
HORSE|10|7||9|-0.15
HORSE|10|2||11|-0.25
HORSE|10|1|危|10|-1.88
EXPORT|10|1700|9|◎堅軸・コ足切連好連上信▽後|3,11,4,5,10
HORSE|11|7|◎軸・コ足切▽失速▽連後安▽後|1|0.29
HORSE|11|1|△休|8|0.81
HORSE|11|5|△不調|10|0.49
HORSE|11|8|△不調|5|0.36
HORSE|11|13|△|2|0.27
HORSE|11|10||4|0.26
HORSE|11|14||7|-0.08
HORSE|11|9|危|9|-0.14
HORSE|11|11||6|-0.22
HORSE|11|4||12|-0.42
HORSE|11|3|危|3|-0.43
HORSE|11|12||14|-0.47
HORSE|11|6||13|-0.67
HORSE|11|2|危|11|-0.81
EXPORT|11|2000|7|◎軸・コ足切▽失速▽連後安▽後|5,8,13,10,14
HORSE|12|4|◎軸似◎安▽後|2|1.13
HORSE|12|5|○相手似◎|9|0.49
HORSE|12|6|○相手▽失速似◎|5|0.41
HORSE|12|10|△不調|1|0.16
HORSE|12|3|△不調|7|0.03
HORSE|12|13||8|-0.05
HORSE|12|9||6|-0.11
HORSE|12|12||12|-0.15
HORSE|12|2||4|-0.3
HORSE|12|7||10|-0.37
HORSE|12|14||3|-0.44
HORSE|12|1||13|-0.51
HORSE|12|11||11|-0.58
HORSE|12|8||14|-0.75
EXPORT|12|1200|4|◎軸似◎安▽後|5,6,10,3,13
