HORSE|1|5|◎軸▽相悪▽失速似◎弱|2|0.74
HORSE|1|6|△相悪|3|0.68
HORSE|1|2|△不調|8|0.65
HORSE|1|11|△不調|1|0.59
HORSE|1|8|△危|5|0.56
HORSE|1|7||4|0.37
HORSE|1|9||7|0.3
HORSE|1|14||11|-0.19
HORSE|1|3||12|-0.22
HORSE|1|15||14|-0.34
HORSE|1|1||6|-0.37
HORSE|1|10||9|-0.41
HORSE|1|12||13|-0.66
HORSE|1|4||10|-0.81
HORSE|1|13||15|-1.25
EXPORT|1|1200|5|◎軸▽相悪▽失速似◎弱|6,2,11,8,7
HORSE|2|5|◎軸▽種替▽ダ替|2|0.97
HORSE|2|2|○相手▽延|1|0.75
HORSE|2|3|○相手▽延|3|0.71
HORSE|2|10|△|8|0.01
HORSE|2|6|△種替|7|-0.04
HORSE|2|7||5|-0.04
HORSE|2|8||4|-0.05
HORSE|2|12||9|-0.32
HORSE|2|9|危|10|-0.39
HORSE|2|1|危|6|-0.46
HORSE|2|11|危|11|-0.54
HORSE|2|4|危|12|-0.61
EXPORT|2|2400|5|◎軸▽種替▽ダ替|2,3,10,6,7
HORSE|3|9|◎堅軸連好連脚似◎強安★信|1|1.43
HORSE|3|13|○相手★連上似◎信|3|0.54
HORSE|3|5|○相手連好安|2|0.41
HORSE|3|10|△不調|4|0.4
HORSE|3|3|△不調|6|0.12
HORSE|3|12|危|11|0.1
HORSE|3|7||5|0.07
HORSE|3|2||13|0.06
HORSE|3|14|危|10|0.05
HORSE|3|6||8|0.02
HORSE|3|4||7|-0.02
HORSE|3|1|危|9|-0.88
HORSE|3|8||14|-1.04
HORSE|3|11||12|-1.15
EXPORT|3|1700|9|◎堅軸連好連脚似◎強安★信|13,5,10,3,12
HORSE|4|10|◎軸適連好似◎安★|2|0.85
HORSE|4|1|△相悪|3|0.63
HORSE|4|4|○相手安|1|0.62
HORSE|4|7|△相悪|5|0.24
HORSE|4|2|△|6|0.01
HORSE|4|12||4|-0
HORSE|4|13|危|8|-0
HORSE|4|6||7|-0.01
HORSE|4|8|危|10|-0.06
HORSE|4|3||9|-0.09
HORSE|4|11||11|-0.45
HORSE|4|9||12|-0.86
HORSE|4|5|危|13|-0.98
EXPORT|4|2000|10|◎軸適連好似◎安★|1,4,7,2,12
HORSE|5|15|◎軸・コ足切強|1|0.39
HORSE|5|3|○相手▼人|4|0.44
HORSE|5|7|○相手|2|0.34
HORSE|5|5|△|3|0.29
HORSE|5|1|△|8|0.23
HORSE|5|6||5|0.18
HORSE|5|12||6|0.13
HORSE|5|14||7|0.08
HORSE|5|11||9|-0.03
HORSE|5|4||10|-0.08
HORSE|5|13||11|-0.13
HORSE|5|10||12|-0.18
HORSE|5|9||13|-0.24
HORSE|5|16||14|-0.29
HORSE|5|8||16|-0.39
HORSE|5|2||15|-0.75
EXPORT|5|1200|15|◎軸・コ足切強|3,7,5,1,6
HORSE|6|3|◎軸連好似◎強安★信|1|1.51
HORSE|6|6|○相手|2|0.75
HORSE|6|10|○相手連上似◎|3|0.41
HORSE|6|5|△|4|0.33
HORSE|6|8|△不調|5|-0.02
HORSE|6|7|危|11|-0.15
HORSE|6|12||8|-0.21
HORSE|6|1|消|7|-0.24
HORSE|6|9|危|9|-0.38
HORSE|6|11||6|-0.5
HORSE|6|2|危|12|-0.6
HORSE|6|4||10|-0.63
EXPORT|6|1700|3|◎軸連好似◎強安★信|6,10,5,8,7
HORSE|7|13|◎軸▽休▽前敗降2|2|0.66
HORSE|7|6|○相手似◎安|1|0.65
HORSE|7|14|△相悪|8|0.46
HORSE|7|15|△不調|3|0.39
HORSE|7|3|△不調|5|0.35
HORSE|7|16||7|0.31
HORSE|7|11||9|0.24
HORSE|7|12||12|0.09
HORSE|7|7||4|0.02
HORSE|7|9||6|-0.01
HORSE|7|4||10|-0.02
HORSE|7|10||13|-0.53
HORSE|7|5||15|-0.55
HORSE|7|1||11|-0.6
HORSE|7|8||14|-0.74
HORSE|7|2|危|16|-1.03
EXPORT|7|1800|13|◎軸▽休▽前敗降2|6,14,15,3,16
HORSE|8|1|◎軸適↗↗安信|1|0.88
HORSE|8|7|○相手連好|2|0.61
HORSE|8|5|○相手▼人|4|0.6
HORSE|8|8|△|3|0.57
HORSE|8|10|△|7|0.17
HORSE|8|12||10|-0.11
HORSE|8|4||11|-0.14
HORSE|8|3||6|-0.27
HORSE|8|11||9|-0.38
HORSE|8|2||5|-0.62
HORSE|8|6|危|8|-0.72
HORSE|8|9||12|-0.82
EXPORT|8|1000|1|◎軸適↗↗安信|7,5,8,10,12
HORSE|9|1|◎軸連好似◎強↗安|1|1.51
HORSE|9|6|○相手適連好似◎安信|2|0.86
HORSE|9|3|○相手連好似◎安|3|0.26
HORSE|9|7|△適|4|0.18
HORSE|9|5|△不調|5|-0.37
HORSE|9|4||7|-0.65
HORSE|9|8||8|-0.82
HORSE|9|2||6|-0.94
EXPORT|9|1200|1|◎軸連好似◎強↗安|6,3,7,5,4
HORSE|10|15|◎軸・コ足切▽延弱|3|0.69
HORSE|10|14|△相悪|6|0.88
HORSE|10|3|△不調|4|0.82
HORSE|10|8|△|5|0.62
HORSE|10|2|△前敗|2|0.61
HORSE|10|7||1|0.44
HORSE|10|11||8|0.36
HORSE|10|16||7|0.36
HORSE|10|4||10|0.19
HORSE|10|12||9|-0.45
HORSE|10|13||12|-0.61
HORSE|10|5||14|-0.8
HORSE|10|9||13|-0.8
HORSE|10|6|危|16|-0.89
HORSE|10|1||11|-1.05
HORSE|10|10||15|-1.44
EXPORT|10|2000|15|◎軸・コ足切▽延弱|14,3,8,2,7
HORSE|11|16|◎軸似◎信|2|1.6
HORSE|11|4|△不調|1|0.65
HORSE|11|2|△不調|9|0.49
HORSE|11|3|△|5|0.37
HORSE|11|8|△休|7|0.32
HORSE|11|5||12|0.18
HORSE|11|6||8|-0.03
HORSE|11|15||6|-0.06
HORSE|11|11||11|-0.13
HORSE|11|13||4|-0.23
HORSE|11|7||10|-0.44
HORSE|11|10||13|-0.47
HORSE|11|12||3|-0.5
HORSE|11|14||14|-0.83
HORSE|11|9||16|-0.89
HORSE|11|1||15|-0.94
EXPORT|11|1200|16|◎軸似◎信|4,2,3,5,6
HORSE|12|3|◎軸連好似◎|1|1.19
HORSE|12|1|○相手適連好連脚|2|1.13
HORSE|12|6|△長休|3|0.35
HORSE|12|11|△種替|5|0.2
HORSE|12|7|△|7|0.16
HORSE|12|9||6|-0.01
HORSE|12|14||4|-0.03
HORSE|12|10||9|-0.16
HORSE|12|12||10|-0.29
HORSE|12|5||11|-0.3
HORSE|12|4||8|-0.4
HORSE|12|2||12|-0.66
HORSE|12|8|危|14|-0.7
HORSE|12|13||13|-0.73
EXPORT|12|1700|3|◎軸連好似◎|1,6,11,7,14
