HORSE|1|8|◎堅軸▽遠連上▽遠ロ似◎強|1|1.01
HORSE|1|12|△危|2|0.74
HORSE|1|11|△危|4|0.35
HORSE|1|2|△前敗|6|0.12
HORSE|1|5|△前敗|3|0.05
HORSE|1|6||7|-0.23
HORSE|1|10|危|9|-0.29
HORSE|1|3||8|-0.3
HORSE|1|4|危|5|-0.33
HORSE|1|1|危|12|-0.47
HORSE|1|9|危|10|-0.49
HORSE|1|7||11|-0.5
EXPORT|1|2860|8|◎堅軸▽遠連上▽遠ロ似◎強|12,2,5,3,4
HORSE|2|17|◎軸▽相悪▽遠ロ|2|0.59
HORSE|2|13|△相悪|1|0.4
HORSE|2|10|△危|3|0.4
HORSE|2|14|△|6|0.3
HORSE|2|1|△不調|5|0.29
HORSE|2|4||7|0.21
HORSE|2|3||4|0.15
HORSE|2|8|危|11|0.01
HORSE|2|11||12|-0.04
HORSE|2|2|危|8|-0.05
HORSE|2|15|危|14|-0.14
HORSE|2|6|危|10|-0.16
HORSE|2|16|危|9|-0.19
HORSE|2|7|危|13|-0.24
HORSE|2|12|危|17|-0.29
HORSE|2|5||16|-0.46
HORSE|2|9|危|15|-0.51
EXPORT|2|1200|17|◎軸▽相悪▽遠ロ|13,10,14,1,4
HORSE|3|1|◎軸▽延▽遠ロ安|1|0.75
HORSE|3|7|○相手▽延▽遠ロ|2|0.49
HORSE|3|11|○相手▽延▽遠ロ|4|0.27
HORSE|3|6|△危|6|0.13
HORSE|3|2|△|3|0.09
HORSE|3|8||7|0.08
HORSE|3|3||5|0.04
HORSE|3|16|危|8|0.03
HORSE|3|5|危|9|-0.03
HORSE|3|9|危|10|-0.08
HORSE|3|10|危|11|-0.13
HORSE|3|12||12|-0.18
HORSE|3|4||14|-0.28
HORSE|3|14||15|-0.34
HORSE|3|15|危|16|-0.39
HORSE|3|13|危|13|-0.52
EXPORT|3|2600|1|◎軸▽延▽遠ロ安|7,11,6,2,8
HORSE|4|14|◎軸▽増▽遠ロ似◎格弱安|2|1.05
HORSE|4|7|△休|1|0.97
HORSE|4|13|○相手▽遠ロ似◎|3|0.58
HORSE|4|16|△|4|0.44
HORSE|4|5|△|6|0.25
HORSE|4|8||5|0.17
HORSE|4|11||9|0.16
HORSE|4|1|危|12|0.11
HORSE|4|9||7|-0.03
HORSE|4|3|危|13|-0.24
HORSE|4|15||14|-0.29
HORSE|4|10|危|16|-0.41
HORSE|4|4|危|11|-0.48
HORSE|4|12||10|-0.52
HORSE|4|2|消|8|-0.58
HORSE|4|6|危|15|-0.83
EXPORT|4|1700|14|◎軸▽増▽遠ロ似◎格弱安|13,16,5,8,11
HORSE|5|10|◎軸弱|1|0.4
HORSE|5|2|○相手|6|0.35
HORSE|5|14|○相手|2|0.35
HORSE|5|8|△|3|0.3
HORSE|5|3|△|8|0.25
HORSE|5|15||4|0.25
HORSE|5|9||5|0.2
HORSE|5|5||7|0.1
HORSE|5|13||9|0
HORSE|5|7||10|-0.05
HORSE|5|11||11|-0.1
HORSE|5|12||12|-0.15
HORSE|5|16||14|-0.25
HORSE|5|4||15|-0.3
HORSE|5|17||16|-0.35
HORSE|5|6||17|-0.4
HORSE|5|1||13|-0.6
EXPORT|5|1200|10|◎軸弱|2,14,8,3,15
HORSE|6|4|◎軸・コ足切強|1|0.37
HORSE|6|3|○相手|4|0.52
HORSE|6|9|○相手|3|0.21
HORSE|6|2|△|2|0.16
HORSE|6|10|△|5|0.04
HORSE|6|6||7|-0.12
HORSE|6|8||8|-0.21
HORSE|6|7||9|-0.29
HORSE|6|1||6|-0.31
HORSE|6|5||10|-0.37
EXPORT|6|1200|4|◎軸・コ足切強|3,9,2,10,6
HORSE|7|6|◎軸▽延▽遠ロ|1|0.92
HORSE|7|18|○相手▽遠ロ似◎安|3|0.79
HORSE|7|9|○相手▽延▽遠ロ|2|0.54
HORSE|7|15|△不調|7|0.52
HORSE|7|4|△不調|4|0.27
HORSE|7|16|危|12|0.15
HORSE|7|17||10|-0.03
HORSE|7|13||9|-0.05
HORSE|7|14|危|5|-0.06
HORSE|7|8||8|-0.07
HORSE|7|5||11|-0.14
HORSE|7|11|危|14|-0.28
HORSE|7|10|危|16|-0.33
HORSE|7|3||13|-0.35
HORSE|7|7|危|18|-0.46
HORSE|7|1||6|-0.56
HORSE|7|12||17|-0.58
HORSE|7|2||15|-0.68
EXPORT|7|2000|6|◎軸▽延▽遠ロ|18,9,15,4,16
HORSE|8|1|◎軸▽遠ロ弱↗|3|0.61
HORSE|8|14|△前敗|4|0.47
HORSE|8|2|○相手適▽失速▽遠ロ信|2|0.43
HORSE|8|12|△|1|0.38
HORSE|8|7|△休|8|0.12
HORSE|8|3||9|0.1
HORSE|8|8|危|7|0.05
HORSE|8|5||6|-0
HORSE|8|13||5|-0.16
HORSE|8|9||11|-0.21
HORSE|8|6||14|-0.27
HORSE|8|10|危|10|-0.31
HORSE|8|11|危|12|-0.32
HORSE|8|4|危|13|-0.67
EXPORT|8|1000|1|◎軸▽遠ロ弱↗|14,2,12,8,5
HORSE|9|1|◎軸▽前敗降2▽失速▽連後▽延▽遠ロ|1|0.55
HORSE|9|8|△不調|3|0.31
HORSE|9|6|○相手▽延▽遠ロ|2|0.07
HORSE|9|4|△|5|0.06
HORSE|9|5|△前敗|4|-0.06
HORSE|9|3||6|-0.18
HORSE|9|7|危|8|-0.25
HORSE|9|2|危|7|-0.72
EXPORT|9|1800|1|◎軸▽前敗降2▽失速▽連後▽延▽遠ロ|8,6,4,5,3
HORSE|10|4|◎軸▽増▽遠ロ|2|1.17
HORSE|10|13|△不調|3|0.83
HORSE|10|1|△危|5|0.47
HORSE|10|8|△不調|7|0.45
HORSE|10|11|△危|4|0.27
HORSE|10|9||1|0.2
HORSE|10|10||6|-0.14
HORSE|10|6||13|-0.17
HORSE|10|14||10|-0.3
HORSE|10|15||12|-0.37
HORSE|10|3|危|9|-0.4
HORSE|10|2||11|-0.5
HORSE|10|12||14|-0.52
HORSE|10|5|危|8|-0.53
HORSE|10|7||15|-0.54
EXPORT|10|1700|4|◎軸▽増▽遠ロ|13,1,8,11,9
HORSE|11|3|◎軸▽失速▽遠ロ|2|1.2
HORSE|11|5|○相手適連好▽遠ロ安信|1|1.11
HORSE|11|4|△前敗|3|0.55
HORSE|11|9|△適|4|0.46
HORSE|11|8|△不調|7|0.4
HORSE|11|1||5|0.01
HORSE|11|11||6|0.01
HORSE|11|6|危|11|-0.29
HORSE|11|13|危|13|-0.37
HORSE|11|7||8|-0.55
HORSE|11|2||10|-0.77
HORSE|11|12||9|-0.89
HORSE|11|10||12|-1.13
EXPORT|11|1200|3|◎軸▽失速▽遠ロ|5,4,9,8,1
HORSE|12|2|◎軸適▽遠ロ強安★|1|1.42
HORSE|12|13|△危|2|0.64
HORSE|12|14|○相手▽遠ロ▼人|4|0.35
HORSE|12|5|△種替|3|0.34
HORSE|12|12|△危|9|0.31
HORSE|12|7||5|0.27
HORSE|12|6||8|0.06
HORSE|12|15||7|-0.03
HORSE|12|9||6|-0.06
HORSE|12|8|危|12|-0.17
HORSE|12|3||15|-0.39
HORSE|12|11|危|13|-0.4
HORSE|12|16|危|11|-0.42
HORSE|12|4|危|14|-0.51
HORSE|12|10||10|-0.52
HORSE|12|1|消|16|-1.03
EXPORT|12|1700|2|◎軸適▽遠ロ強安★|13,14,5,12,7
