HORSE|1|5|注危|2|0.77
HORSE|1|11|△危|3|0.74
HORSE|1|10|○相手★連脚▽遠ロ似◎安|1|0.73
HORSE|1|2|△危|4|0.11
HORSE|1|8|△危|6|0
HORSE|1|4|危|5|-0.08
HORSE|1|1|危|11|-0.24
HORSE|1|9||7|-0.28
HORSE|1|7|危|9|-0.33
HORSE|1|6||10|-0.49
HORSE|1|3||12|-0.63
HORSE|1|12|危|8|-0.9
EXPORT|1|2860|5|注危|11,10,2,8,4
HORSE|2|2|◎軸▽遠ロ|2|0.82
HORSE|2|4|○相手▽遠ロ安|1|0.6
HORSE|2|6|○相手▽遠ロ|3|0.19
HORSE|2|3|△|4|-0.33
HORSE|2|1|△|5|-0.67
HORSE|2|5||6|-0.69
EXPORT|2|1200|2|◎軸▽遠ロ|4,6,3,1,5
HORSE|3|5|◎軸▽遠ロ似◎強安信|1|0.61
HORSE|3|15|○相手▽遠ロ似◎|4|0.43
HORSE|3|14|○相手★連上▽遠ロ似◎|6|0.4
HORSE|3|9|△休|3|0.39
HORSE|3|6|△|8|0.17
HORSE|3|12||2|0.14
HORSE|3|3||9|0.13
HORSE|3|1||11|0.03
HORSE|3|8||10|0.02
HORSE|3|11||5|-0.02
HORSE|3|4|危|7|-0.15
HORSE|3|10||14|-0.29
HORSE|3|13||15|-0.35
HORSE|3|7|危|12|-0.37
HORSE|3|16||13|-0.51
HORSE|3|2|危|16|-0.6
EXPORT|3|1700|5|◎軸▽遠ロ似◎強安信|15,14,6,12,3
HORSE|4|5|◎軸▽遠ロ似◎安|2|0.71
HORSE|4|4|△不調|3|0.47
HORSE|4|9|○相手▽遠ロ似◎|4|0.44
HORSE|4|15|△|1|0.42
HORSE|4|8|△|6|0.33
HORSE|4|12||5|0.18
HORSE|4|11||7|0.08
HORSE|4|14||10|-0.08
HORSE|4|7||8|-0.11
HORSE|4|13||12|-0.15
HORSE|4|1||9|-0.16
HORSE|4|2||13|-0.18
HORSE|4|16||11|-0.35
HORSE|4|10|危|14|-0.44
HORSE|4|6|危|15|-0.57
HORSE|4|3|危|16|-0.66
EXPORT|4|1800|5|◎軸▽遠ロ似◎安|4,9,15,8,12
HORSE|5|1|◎軸弱|2|0.73
HORSE|5|12|○相手|1|0.39
HORSE|5|7|○相手|3|0.27
HORSE|5|11|△|4|0.21
HORSE|5|5|△|5|0.15
HORSE|5|4||7|0.03
HORSE|5|8||9|-0.09
HORSE|5|3||6|-0.11
HORSE|5|14||10|-0.15
HORSE|5|10||11|-0.21
HORSE|5|2||8|-0.23
HORSE|5|6||12|-0.27
HORSE|5|9||13|-0.33
HORSE|5|13||14|-0.39
EXPORT|5|1200|1|◎軸弱|12,7,11,5,4
HORSE|6|1|◎軸★連好連上▽遠ロ安|2|1.35
HORSE|6|11|○相手適▽遠ロ|3|0.53
HORSE|6|12|○相手▽遠ロ|4|0.25
HORSE|6|3|△|1|0.21
HORSE|6|5|△|5|0.11
HORSE|6|8||7|-0.03
HORSE|6|6||14|-0.05
HORSE|6|2||6|-0.08
HORSE|6|9||8|-0.13
HORSE|6|7|危|10|-0.21
HORSE|6|10|危|9|-0.26
HORSE|6|4||12|-0.27
HORSE|6|13|危|13|-0.39
HORSE|6|14||11|-0.92
EXPORT|6|1000|1|◎軸★連好連上▽遠ロ安|11,12,3,5,6
HORSE|7|1|◎軸▽遠ロ|2|1.26
HORSE|7|14|△不調|1|0.37
HORSE|7|10|○相手▽遠ロ|5|0.28
HORSE|7|3|△危|6|0.21
HORSE|7|12|△相悪|3|0.21
HORSE|7|2||7|0.2
HORSE|7|9||8|0.19
HORSE|7|11||4|0.16
HORSE|7|6||10|0.05
HORSE|7|15|危|11|-0.16
HORSE|7|7||9|-0.47
HORSE|7|13|危|14|-0.54
HORSE|7|4||12|-0.55
HORSE|7|5|危|13|-0.62
HORSE|7|8|危|15|-0.64
EXPORT|7|1200|1|◎軸▽遠ロ|14,10,3,12,9
HORSE|8|8|◎軸降2▽遠ロ似◎|2|0.75
HORSE|8|11|○相手★連好連脚▽遠ロ似◎安信|1|0.63
HORSE|8|15|○相手▽遠ロ似◎安|3|0.56
HORSE|8|5|△|4|0.47
HORSE|8|3|△長休|10|0.29
HORSE|8|10||6|0.24
HORSE|8|16||5|0.05
HORSE|8|9||7|-0.15
HORSE|8|2||8|-0.21
HORSE|8|1||9|-0.23
HORSE|8|12||11|-0.3
HORSE|8|13||12|-0.35
HORSE|8|7|危|16|-0.42
HORSE|8|6|危|14|-0.45
HORSE|8|14||13|-0.5
HORSE|8|4||15|-0.55
EXPORT|8|1700|8|◎軸降2▽遠ロ似◎|11,15,5,3,10
HORSE|9|8|◎軸連好▽遠ロ似◎強安信|1|0.85
HORSE|9|6|△前敗|3|0.66
HORSE|9|3|○相手▽失速▽延▽遠ロ安|2|0.54
HORSE|9|4|△不調|4|0.09
HORSE|9|5|△不調|5|-0.08
HORSE|9|1|危|6|-0.16
HORSE|9|7|危|7|-0.44
HORSE|9|2|消|8|-0.94
EXPORT|9|2000|8|◎軸連好▽遠ロ似◎強安信|6,3,4,5,1
HORSE|10|2|◎軸連好降2▽遠ロ似◎強安信|1|0.9
HORSE|10|4|○相手★⚡単連好連脚▽遠ロ似◎安★|3|0.66
HORSE|10|3|○相手降2▽失速▽遠ロ似◎|2|0.06
HORSE|10|6|△危|6|-0.24
HORSE|10|1|△相悪|4|-0.4
HORSE|10|5|危|5|-0.59
EXPORT|10|1800|2|◎軸連好降2▽遠ロ似◎強安信|4,3,1,5
HORSE|11|9|◎軸連好▽遠ロ強|1|1.02
HORSE|11|16|○相手▽遠ロ|2|0.78
HORSE|11|7|○相手▽遠ロ|3|0.48
HORSE|11|2|△|5|0.3
HORSE|11|6|△長休|6|0.13
HORSE|11|14||8|0.04
HORSE|11|4||4|-0
HORSE|11|13||11|-0.07
HORSE|11|15||15|-0.1
HORSE|11|10||10|-0.13
HORSE|11|5|危|14|-0.16
HORSE|11|8||16|-0.16
HORSE|11|12|危|12|-0.31
HORSE|11|11|危|13|-0.52
HORSE|11|3||7|-0.65
HORSE|11|1|危|9|-0.76
EXPORT|11|1700|9|◎軸連好▽遠ロ強|16,7,2,6,14
HORSE|12|9|◎軸降2▽遠ロ強安信|1|0.43
HORSE|12|7|○相手適▽遠ロ|2|0.4
HORSE|12|4|△不調|5|0.32
HORSE|12|14|△不調|7|0.3
HORSE|12|13|△不調|6|0.26
HORSE|12|8||4|0.2
HORSE|12|11||3|0.14
HORSE|12|1|危|13|0.04
HORSE|12|2||10|0
HORSE|12|6||11|-0.3
HORSE|12|10||8|-0.38
HORSE|12|12||9|-0.38
HORSE|12|3|消|14|-0.63
HORSE|12|5||12|-0.69
EXPORT|12|1200|9|◎軸降2▽遠ロ強安信|7,4,14,13,11
