HORSE|1|5|◎軸弱|3|0.37
HORSE|1|10|○相手|1|0.32
HORSE|1|9|○相手|2|0.28
HORSE|1|2|△|5|0.21
HORSE|1|8|△危|10|0.06
HORSE|1|4||4|0.02
HORSE|1|7||6|-0.03
HORSE|1|3|危|8|-0.05
HORSE|1|6||7|-0.14
HORSE|1|1|危|9|-1.12
EXPORT|1|1200|5|◎軸弱|10,9,2,8,4
HORSE|2|3|◎軸似◎信|1|0.9
HORSE|2|9|○相手似◎|4|0.45
HORSE|2|15|△危|3|0.34
HORSE|2|1|△長休|2|0.21
HORSE|2|5|△危|8|0.18
HORSE|2|6||5|0.18
HORSE|2|16||7|0.08
HORSE|2|4||9|-0.03
HORSE|2|10|危|14|-0.13
HORSE|2|8||12|-0.18
HORSE|2|7|危|10|-0.21
HORSE|2|13||13|-0.24
HORSE|2|2||6|-0.34
HORSE|2|12||15|-0.34
HORSE|2|14||16|-0.39
HORSE|2|11|危|11|-0.5
EXPORT|2|1150|3|◎軸似◎信|9,1,5,6,16
HORSE|3|3|◎軸適連上▼降|2|1.13
HORSE|3|9|△休|1|0.64
HORSE|3|12|○相手|3|0.4
HORSE|3|11|△不調|4|0.37
HORSE|3|5|△不調|7|0.1
HORSE|3|13||9|0.1
HORSE|3|2|危|5|-0
HORSE|3|7|危|12|-0.06
HORSE|3|15|危|13|-0.12
HORSE|3|8|危|10|-0.19
HORSE|3|14|危|8|-0.26
HORSE|3|10||6|-0.31
HORSE|3|4|危|15|-0.39
HORSE|3|6|危|11|-0.44
HORSE|3|1|危|14|-0.63
EXPORT|3|1700|3|◎軸適連上▼降|12,11,5,13,2
HORSE|4|2|◎軸連好安信|1|0.88
HORSE|4|14|△不調|5|0.46
HORSE|4|1|△相悪|3|0.45
HORSE|4|6|△|4|0.33
HORSE|4|9|△|2|0.18
HORSE|4|11||6|0.18
HORSE|4|16||7|0.14
HORSE|4|8||10|0.11
HORSE|4|5||11|0.03
HORSE|4|15|危|12|-0.14
HORSE|4|4||8|-0.15
HORSE|4|7|危|9|-0.25
HORSE|4|10||16|-0.26
HORSE|4|13||14|-0.31
HORSE|4|12|危|13|-0.46
HORSE|4|3|危|15|-0.98
EXPORT|4|1800|2|◎軸連好安信|14,1,6,9,11
HORSE|5|2|◎軸|3|0.36
HORSE|5|7|○相手|1|0.36
HORSE|5|6|○相手|2|0.26
HORSE|5|3|△|5|0.15
HORSE|5|5|△|4|0.05
HORSE|5|4||6|-0.15
HORSE|5|8||7|-0.26
HORSE|5|1|消|8|-0.76
EXPORT|5|1200|2|◎軸|7,6,3,5,4
HORSE|6|9|◎軸|1|0.38
HORSE|6|2|○相手▼人|4|0.35
HORSE|6|8|○相手|2|0.3
HORSE|6|5|△|3|0.23
HORSE|6|3|△|6|0.2
HORSE|6|11||5|0.08
HORSE|6|10||7|-0.08
HORSE|6|4||8|-0.15
HORSE|6|6||9|-0.23
HORSE|6|7||10|-0.3
HORSE|6|1||11|-0.78
EXPORT|6|1150|9|◎軸|2,8,5,3,11
HORSE|7|2|◎軸▽前敗▽失速▽延似◎安★|2|0.63
HORSE|7|6|○相手★連好連上▽延似◎安信|1|0.51
HORSE|7|7|○相手★連好連上▽延似◎安|3|0.19
HORSE|7|5|△危|4|0.08
HORSE|7|4|△危|7|-0.27
HORSE|7|3|消|6|-0.49
HORSE|7|1|消|5|-0.89
EXPORT|7|2600|2|◎軸▽前敗▽失速▽延似◎安★|6,7,5,4
HORSE|8|15|◎軸▽相悪▽増連好似◎安|1|0.85
HORSE|8|1|△不調|4|0.55
HORSE|8|4|△休|2|0.53
HORSE|8|8|△相悪|6|0.27
HORSE|8|6|△前敗|3|0.16
HORSE|8|2||5|0.1
HORSE|8|12||13|-0.04
HORSE|8|13||10|-0.04
HORSE|8|9||11|-0.1
HORSE|8|10|危|12|-0.11
HORSE|8|11||8|-0.15
HORSE|8|16||7|-0.31
HORSE|8|7|危|16|-0.36
HORSE|8|5|危|9|-0.42
HORSE|8|14|危|14|-0.42
HORSE|8|3|消|15|-0.51
EXPORT|8|1200|15|◎軸▽相悪▽増連好似◎安|1,8,6,2,12
HORSE|9|3|◎軸▽不調安|2|0.79
HORSE|9|8|○相手連好▽延似◎安信|1|0.79
HORSE|9|5|△相悪|3|0.21
HORSE|9|1|△不調|5|0.15
HORSE|9|2|△不調|4|-0.09
HORSE|9|6||7|-0.34
HORSE|9|7||8|-0.7
HORSE|9|4||6|-0.99
EXPORT|9|2000|3|◎軸▽不調安|8,5,1,2,6
HORSE|10|1|◎軸連好↗▼降|2|0.84
HORSE|10|6|○相手★連上|3|0.57
HORSE|10|13|○相手安★|1|0.43
HORSE|10|8|△|4|0.3
HORSE|10|14|△|8|0.12
HORSE|10|4||7|0.07
HORSE|10|9|危|10|0.05
HORSE|10|12||5|0.02
HORSE|10|2|危|6|-0.02
HORSE|10|10|危|12|-0.35
HORSE|10|7||14|-0.39
HORSE|10|5||9|-0.45
HORSE|10|11||13|-0.59
HORSE|10|3||11|-0.77
EXPORT|10|1700|1|◎軸連好↗▼降|6,13,8,14,12
HORSE|11|5|◎軸連好弱|2|1.03
HORSE|11|2|△不調|6|0.7
HORSE|11|4|○相手▼人|5|0.52
HORSE|11|15|△|4|0.43
HORSE|11|1|△休|1|0.18
HORSE|11|3||8|0.1
HORSE|11|16||3|0.03
HORSE|11|12||13|-0.08
HORSE|11|11||15|-0.14
HORSE|11|13||9|-0.25
HORSE|11|10||11|-0.31
HORSE|11|8||10|-0.32
HORSE|11|14||12|-0.35
HORSE|11|6||16|-0.63
HORSE|11|7||7|-0.67
HORSE|11|9||14|-0.87
EXPORT|11|2000|5|◎軸連好弱|2,4,15,3,16
HORSE|12|5|◎堅軸連脚格安|1|0.4
HORSE|12|14|○相手|2|0.32
HORSE|12|3|○相手|4|0.3
HORSE|12|6|△|3|0.27
HORSE|12|9|△長休|8|0.13
HORSE|12|8||12|0.07
HORSE|12|11||6|0.02
HORSE|12|13||7|0.02
HORSE|12|7||13|0.01
HORSE|12|1||5|-0.04
HORSE|12|15||9|-0.04
HORSE|12|12|危|14|-0.21
HORSE|12|2||10|-0.34
HORSE|12|4|危|15|-0.43
HORSE|12|10||11|-0.47
EXPORT|12|1700|5|◎堅軸連脚格安|14,3,6,9,8
