HORSE|1|8|◎軸適信|1|0.84
HORSE|1|12|○相手▽失速|3|0.76
HORSE|1|4|○相手▽連後安信|2|0.55
HORSE|1|7|△|7|0.24
HORSE|1|11|△不調|6|0.09
HORSE|1|1|消|5|-0.04
HORSE|1|10|危|9|-0.05
HORSE|1|5||4|-0.06
HORSE|1|2|危|8|-0.08
HORSE|1|6|危|12|-0.12
HORSE|1|15|危|10|-0.18
HORSE|1|14|危|13|-0.28
HORSE|1|3|危|14|-0.48
HORSE|1|13|危|15|-0.67
HORSE|1|9|危|11|-0.71
EXPORT|1|1700|8|◎軸適信|12,4,7,11,10
HORSE|2|1|◎堅軸連上▽延似◎強安信|1|1.34
HORSE|2|15|○相手▽延似◎|2|0.59
HORSE|2|4|○相手▽延似◎|4|0.37
HORSE|2|9|△|3|0.36
HORSE|2|16|△危|8|0.1
HORSE|2|2||5|-0
HORSE|2|6||11|-0.06
HORSE|2|13|危|9|-0.06
HORSE|2|3||7|-0.15
HORSE|2|8||14|-0.22
HORSE|2|12||12|-0.26
HORSE|2|7||16|-0.27
HORSE|2|10||15|-0.27
HORSE|2|14|危|13|-0.35
HORSE|2|5||6|-0.43
HORSE|2|11||10|-0.73
EXPORT|2|2600|1|◎堅軸連上▽延似◎強安信|15,4,9,16,2
HORSE|3|11|◎軸▽失速似◎強安|1|1.23
HORSE|3|4|○相手似◎|3|0.6
HORSE|3|6|○相手似◎|4|0.57
HORSE|3|2|△|2|0.47
HORSE|3|15|△不調|7|0.17
HORSE|3|12||11|-0.01
HORSE|3|14||9|-0.04
HORSE|3|1|消|6|-0.07
HORSE|3|7||13|-0.21
HORSE|3|9|危|10|-0.31
HORSE|3|8||15|-0.32
HORSE|3|13|危|14|-0.33
HORSE|3|10||8|-0.35
HORSE|3|3|消|12|-0.44
HORSE|3|5||5|-0.55
EXPORT|3|1700|11|◎軸▽失速似◎強安|4,6,2,15,12
HORSE|4|7|◎堅軸適連好連上弱安|3|1.03
HORSE|4|1|○相手▽失速|5|0.4
HORSE|4|3|△相悪|2|0.37
HORSE|4|5|△|1|0.35
HORSE|4|10|△相悪|6|0.2
HORSE|4|14||7|0.06
HORSE|4|13||10|-0
HORSE|4|9|危|8|-0.01
HORSE|4|8|危|11|-0.03
HORSE|4|6||4|-0.05
HORSE|4|11|危|14|-0.2
HORSE|4|12||12|-0.3
HORSE|4|15|危|9|-0.41
HORSE|4|4|危|15|-0.44
HORSE|4|2|消|13|-0.76
EXPORT|4|2000|7|◎堅軸適連好連上弱安|1,3,5,10,14
HORSE|5|9|◎軸・コ足切強|1|0.39
HORSE|5|1|○相手↗|7|0.4
HORSE|5|13|○相手|2|0.32
HORSE|5|11|△|3|0.26
HORSE|5|4|△|5|0.13
HORSE|5|7||6|0.06
HORSE|5|2||4|-0.01
HORSE|5|12||8|-0.06
HORSE|5|8||9|-0.13
HORSE|5|6||11|-0.26
HORSE|5|5||12|-0.32
HORSE|5|3||10|-0.39
HORSE|5|10||13|-0.39
EXPORT|5|1800|9|◎軸・コ足切強|1,13,11,4,7
HORSE|6|6|◎軸強|1|0.35
HORSE|6|2|○相手|3|0.32
HORSE|6|7|○相手|2|0.23
HORSE|6|1|△|6|-0.03
HORSE|6|5|△|5|-0.12
HORSE|6|4||7|-0.35
HORSE|6|3||4|-0.4
EXPORT|6|1200|6|◎軸強|2,7,1,5,4
HORSE|7|2|◎軸適・コ足切弱|2|0.67
HORSE|7|16|△危|6|0.72
HORSE|7|1|△不調|7|0.47
HORSE|7|11|△|4|0.4
HORSE|7|8|△|3|0.36
HORSE|7|4||1|0.32
HORSE|7|10||8|0.22
HORSE|7|14||13|-0.07
HORSE|7|6||10|-0.12
HORSE|7|7||9|-0.2
HORSE|7|3|危|11|-0.22
HORSE|7|9||5|-0.23
HORSE|7|5||12|-0.31
HORSE|7|12|危|15|-0.49
HORSE|7|15||16|-0.5
HORSE|7|13||14|-0.87
EXPORT|7|1150|2|◎軸適・コ足切弱|16,1,11,8,4
HORSE|8|2|◎軸▽不調▽前敗降2▽延似◎|1|0.57
HORSE|8|8|△前敗|2|0.34
HORSE|8|3|○相手安|3|0.27
HORSE|8|5|△不調|5|0.11
HORSE|8|4|△危|7|-0.09
HORSE|8|7||6|-0.14
HORSE|8|9||8|-0.19
HORSE|8|1||4|-0.22
HORSE|8|6||9|-1.21
EXPORT|8|1800|2|◎軸▽不調▽前敗降2▽延似◎|8,3,5,7,9
HORSE|9|3|◎軸適連好似◎安信|2|0.97
HORSE|9|1|○相手↗|1|0.83
HORSE|9|8|○相手連好似◎安★|3|0.73
HORSE|9|5|△|4|0.18
HORSE|9|2|△遠|6|0.11
HORSE|9|6||5|0.01
HORSE|9|4||7|-0.21
HORSE|9|9||10|-0.28
HORSE|9|7||11|-0.47
HORSE|9|10||8|-0.65
HORSE|9|11|危|9|-1.23
EXPORT|9|1200|3|◎軸適連好似◎安信|1,8,5,6,4
HORSE|10|13|◎軸連好似◎強|1|0.98
HORSE|10|4|○相手▽失速連上似◎安★|2|0.95
HORSE|10|10|○相手似◎|3|0.57
HORSE|10|6|△|7|0.14
HORSE|10|15|△|4|0.1
HORSE|10|14|危|6|0.09
HORSE|10|5||11|-0.03
HORSE|10|8||5|-0.04
HORSE|10|2||8|-0.05
HORSE|10|1||15|-0.16
HORSE|10|7||9|-0.2
HORSE|10|12|危|12|-0.35
HORSE|10|9||13|-0.63
HORSE|10|11|危|10|-0.8
HORSE|10|3|消|14|-0.92
EXPORT|10|1700|13|◎軸連好似◎強|4,10,6,15,5
HORSE|11|11|◎軸連好安|1|0.78
HORSE|11|5|○相手連好|3|0.72
HORSE|11|6|○相手安|2|0.63
HORSE|11|9|△|5|0.46
HORSE|11|12|△|4|0.41
HORSE|11|2||7|0.36
HORSE|11|1||8|-0.01
HORSE|11|14||6|-0.13
HORSE|11|3||10|-0.36
HORSE|11|8||11|-0.38
HORSE|11|4||9|-0.48
HORSE|11|13||14|-0.75
HORSE|11|7||12|-0.9
HORSE|11|10||13|-0.92
EXPORT|11|1800|11|◎軸連好安|5,6,9,12,1
HORSE|12|1|◎軸▽相悪▽前敗▽失速弱|2|1.01
HORSE|12|4|○相手似◎|1|0.6
HORSE|12|8|△休|4|0.5
HORSE|12|6|△休|3|0.36
HORSE|12|12|△|5|0.24
HORSE|12|11||6|0.03
HORSE|12|3||7|-0.08
HORSE|12|10|危|10|-0.1
HORSE|12|9||9|-0.14
HORSE|12|7||11|-0.27
HORSE|12|14||14|-0.39
HORSE|12|2||8|-0.47
HORSE|12|5||13|-0.55
HORSE|12|13||12|-0.71
EXPORT|12|1200|1|◎軸▽相悪▽前敗▽失速弱|4,12,11,3,10
